6718
5166
---blocking---
2118
1481
9390
7722
4250
6600
9433
7538
0305
9341
0027
5196
0238
2983
1022
8157
1943
4845
6955
9149
4884
3207
6749
3051
3734
9066
8001
2350
2405
2397
4873
0649
5378
3244
1425
3049
1467
4681
7705
1054
6205
7465
7056
9268
4963
5842
7730
8877
6860
4416
5272
2988
0187
9038
4189
7088
8904
4551
9745
5852
0036
5593
5559
3359
3385
7426
7961
1237
7824
3034
7819
2489
9468
0445
2925
5445
0500
7219
4841
9384
1214
6078
3357
1186
9095
7952
2707
8319
4927
5878
5931
7198
---costs---
649
324
986
172
184
366
340
602
804
377
36
200
796
484
661
236
742
974
881
35
906
93
558
59
917
48
825
43
272
266
994
319
776
724
527
347
313
869
356
795
